0
0
0
0
0
0
1
2
3
3
3
4
5
6
5
4
3
3
3
3
3
3
3
3
4
5
7
8
9
9
10
10
11
11
11
10
9
9
8
7
6
6
6
7
8
10
11
12
13
14
15
15
15
15
15
15
14
13
12
13
14
14
13
12
13
15
17
18
18
19
20
21
20
20
19
19
18
18
17
17
17
18
18
18
19
20
21
22
23
24
24
24
24
24
24
24
24
24
24
24
23
22
22
23
24
25
26
27
27
27
28
29
30
30
29
28
27
27
27
27
27
27
27
28
29
30
30
31
33
34
34
34
35
36
35
34
33
33
33
33
33
33
33
33
34
35
37
38
39
39
40
41
42
42
41
40
39
39
39
39
39
39
39
39
40
41
42
43
44
45
46
47
48
48
47
46
45
45
45
45
45
45
45
46
47
49
50
51
51
52
53
54
54
54
53
52
51
52
52
52
51
