0
0
0
0
1
3
8
11
15
16
16
14
12
8
3
-2
-7
-12
-14
-14
-14
-12
-9
-4
1
5
11
14
16
18
16
15
11
7
2
-2
-8
-11
-14
-15
-14
-12
-9
-4
1
4
10
13
16
17
17
13
10
6
1
-3
-8
-11
-14
-15
-14
-12
-9
-5
1
5
11
14
16
17
16
15
12
7
2
-2
-7
-10
-13
-15
-14
-12
-8
-5
0
5
9
13
17
18
17
15
12
8
3
-1
-6
-9
-14
-15
-14
-12
-9
-4
1
4
9
13
15
17
16
13
10
6
1
-3
-8
-11
-14
-15
-14
-12
-9
-4
1
5
11
14
17
18
17
15
12
8
2
-2
-7
-10
-13
-15
-14
-12
-9
-4
1
5
11
14
16
16
15
14
11
7
2
-3
-8
-11
-14
-16
-15
-13
-9
-4
1
5
11
14
17
18
17
15
12
7
2
-2
-8
-10
-13
-15
-14
-12
-8
-5
0
5
10
13
16
17
17
16
13
9
3
-1
-6
-10
-12
-15
-14
