0
0
1
6
21
47
79
109
126
127
114
91
61
25
-14
-53
-86
-110
-124
-125
-115
-94
-63
-26
14
52
85
109
123
125
114
92
62
25
-15
-53
-86
-110
-124
-126
-115
-93
-63
-26
14
52
85
109
123
125
114
92
62
25
-15
-53
-86
-110
-124
-126
-115
-93
-63
-26
14
52
85
109
123
125
114
92
62
25
-15
-53
-86
-110
-124
-126
-115
-93
-63
-26
14
52
85
109
123
125
114
92
62
25
-15
-53
-86
-110
-124
-126
-115
-93
-63
-26
14
52
85
109
123
125
114
92
62
25
-15
-53
-86
-110
-124
-126
-115
-93
-63
-26
14
52
85
109
123
125
114
92
62
25
-15
-53
-86
-110
-124
-126
-115
-93
-63
-26
14
52
85
109
123
125
114
92
62
25
-15
-53
-86
-110
-124
-126
-115
-93
-63
-26
14
52
85
109
123
125
114
92
62
25
-15
-53
-86
-110
-124
-126
-115
-93
-63
-26
14
52
85
109
123
125
114
92
62
25
-15
-53
-86
-110
-124
-126
-115
