0
0
0
0
2
5
9
13
16
16
15
13
10
6
1
-4
-8
-12
-15
-16
-16
-14
-11
-7
-2
3
7
11
14
15
15
13
10
6
1
-4
-8
-12
-15
-16
-16
-14
-11
-7
-2
3
7
11
14
15
15
13
10
6
1
-4
-8
-12
-15
-16
-16
-14
-11
-7
-2
3
7
11
14
15
15
13
10
6
1
-4
-8
-12
-15
-16
-16
-14
-11
-7
-2
3
7
11
14
15
15
13
10
6
1
-4
-8
-12
-15
-16
-16
-14
-11
-7
-2
3
7
11
14
15
15
13
10
6
1
-4
-8
-12
-15
-16
-16
-14
-11
-7
-2
3
7
11
14
15
15
13
10
6
1
-4
-8
-12
-15
-16
-16
-14
-11
-7
-2
3
7
11
14
15
15
13
10
6
1
-4
-8
-12
-15
-16
-16
-14
-11
-7
-2
3
7
11
14
15
15
13
10
6
1
-4
-8
-12
-15
-16
-16
-14
-11
-7
-2
3
7
11
14
15
15
13
10
6
1
-4
-8
-12
-15
-16
-16
