0
0
3
15
45
97
162
221
256
258
230
182
121
49
-30
-109
-176
-224
-251
-253
-232
-187
-124
-49
31
108
174
223
250
253
231
186
123
48
-32
-109
-175
-224
-251
-254
-232
-187
-124
-49
31
108
174
223
250
253
231
186
123
48
-32
-109
-175
-224
-251
-254
-232
-187
-124
-49
31
108
174
223
250
253
231
186
123
48
-32
-109
-175
-224
-251
-254
-232
-187
-124
-49
31
108
174
223
250
253
231
186
123
48
-32
-109
-175
-224
-251
-254
-232
-187
-124
-49
31
108
174
223
250
253
231
186
123
48
-32
-109
-175
-224
-251
-254
-232
-187
-124
-49
31
108
174
223
250
253
231
186
123
48
-32
-109
-175
-224
-251
-254
-232
-187
-124
-49
31
108
174
223
250
253
231
186
123
48
-32
-109
-175
-224
-251
-254
-232
-187
-124
-49
31
108
174
223
250
253
231
186
123
48
-32
-109
-175
-224
-251
-254
-232
-187
-124
-49
31
108
174
223
250
253
231
186
123
48
-32
-109
-175
-224
-251
-254
-232
