0
0
1
4
14
31
49
65
77
79
74
64
43
20
-6
-31
-55
-72
-82
-86
-81
-67
-49
-25
0
25
49
66
77
80
74
63
43
20
-6
-30
-55
-71
-83
-85
-81
-66
-49
-25
0
26
50
66
77
80
74
63
43
20
-5
-31
-54
-72
-82
-87
-81
-68
-49
-25
0
25
50
66
77
80
74
63
43
20
-6
-30
-55
-71
-83
-85
-81
-66
-49
-25
0
26
50
66
77
80
74
63
43
20
-6
-30
-55
-71
-82
-85
-81
-67
-49
-25
0
25
50
66
77
80
74
63
43
20
-6
-30
-55
-71
-82
-86
-81
-68
-49
-25
0
25
49
66
77
80
74
63
43
20
-6
-30
-55
-71
-82
-86
-81
-68
-49
-25
0
25
49
66
77
80
74
63
43
20
-6
-30
-55
-71
-82
-86
-81
-68
-49
-25
0
25
50
66
77
80
74
63
43
20
-6
-31
-55
-72
-82
-86
-81
-67
-49
-25
0
25
50
66
77
80
74
63
43
20
-6
-31
-55
-71
-82
-86
-81
