0
0
0
1
1
5
5
6
6
4
3
0
-1
-4
-5
-8
-9
-10
-11
-9
-9
-5
-5
-1
0
5
5
6
6
4
3
0
-1
-4
-5
-8
-9
-10
-11
-9
-9
-5
-5
-1
0
5
5
6
7
6
4
0
0
-3
-4
-8
-9
-10
-11
-9
-9
-5
-5
-1
0
5
5
6
7
6
4
0
-1
-4
-5
-8
-9
-10
-11
-9
-9
-5
-5
-1
0
5
5
6
6
4
3
0
-1
-4
-5
-8
-9
-10
-11
-9
-9
-5
-5
-1
0
5
4
4
4
3
3
0
-1
-4
-5
-8
-9
-10
-11
-9
-9
-5
-5
-1
-1
3
4
6
7
6
5
1
0
-4
-5
-8
-9
-10
-11
-9
-9
-5
-5
-1
0
5
5
6
6
4
3
0
0
-3
-4
-8
-9
-10
-11
-9
-9
-5
-5
-1
-1
3
4
6
7
6
5
1
0
-4
-5
-8
-9
-10
-11
-9
-9
-5
-5
-1
0
5
4
4
4
3
4
1
1
-3
-4
-8
-9
-10
-11
-9
-9
