0
0
0
1
5
11
19
27
32
32
30
24
17
8
-2
-12
-21
-28
-32
-33
-31
-26
-18
-9
1
11
20
27
31
32
30
25
17
8
-2
-12
-21
-28
-32
-33
-31
-26
-18
-9
1
11
20
27
31
32
30
25
17
8
-2
-12
-21
-28
-32
-33
-31
-26
-18
-9
1
11
20
27
31
32
30
25
17
8
-2
-12
-21
-28
-32
-33
-31
-26
-18
-9
1
11
20
27
31
32
30
25
17
8
-2
-12
-21
-28
-32
-33
-31
-26
-18
-9
1
11
20
27
31
32
30
25
17
8
-2
-12
-21
-28
-32
-33
-31
-26
-18
-9
1
11
20
27
31
32
30
25
17
8
-2
-12
-21
-28
-32
-33
-31
-26
-18
-9
1
11
20
27
31
32
30
25
17
8
-2
-12
-21
-28
-32
-33
-31
-26
-18
-9
1
11
20
27
31
32
30
25
17
8
-2
-12
-21
-28
-32
-33
-31
-26
-18
-9
1
11
20
27
31
32
30
25
17
8
-2
-12
-21
-28
-32
-33
-31
