0
0
0
1
3
9
18
25
29
31
28
24
18
8
-1
-12
-21
-27
-32
-34
-32
-24
-17
-8
2
11
20
27
30
31
28
25
17
8
-2
-12
-20
-27
-32
-33
-30
-24
-17
-7
3
12
20
28
31
32
31
25
18
7
-2
-11
-20
-27
-31
-32
-29
-23
-15
-7
3
13
21
28
31
32
30
25
16
6
-2
-12
-20
-27
-32
-33
-30
-24
-18
-8
3
12
21
28
31
32
30
25
17
8
-2
-12
-20
-26
-32
-33
-30
-24
-18
-8
1
11
20
27
29
31
28
24
17
7
-2
-12
-20
-27
-31
-32
-30
-23
-17
-8
1
11
20
27
30
31
30
25
18
8
-2
-12
-20
-26
-31
-33
-31
-24
-18
-9
1
12
21
28
31
33
29
26
17
8
-2
-12
-20
-27
-31
-32
-30
-23
-17
-7
2
12
20
28
31
33
30
25
17
7
-2
-12
-19
-26
-31
-31
-29
-25
-18
-7
2
12
20
27
30
31
29
25
17
8
-2
-12
-20
-27
-31
-33
-30
