0
0
2
12
41
92
158
217
252
253
227
180
122
52
-27
-106
-173
-220
-246
-250
-231
-185
-124
-52
28
105
169
218
245
250
229
183
123
50
-29
-105
-171
-220
-247
-249
-229
-185
-124
-49
30
106
172
219
246
250
229
184
123
50
-29
-104
-171
-222
-249
-251
-230
-186
-126
-50
29
105
172
221
247
249
230
184
124
48
-30
-105
-171
-222
-249
-251
-230
-186
-125
-50
29
105
172
220
247
249
230
185
124
50
-30
-106
-170
-219
-247
-250
-231
-187
-126
-53
26
104
171
218
246
249
228
185
123
50
-30
-106
-171
-221
-248
-251
-230
-187
-126
-51
29
105
170
219
246
249
229
186
126
49
-30
-106
-171
-220
-248
-250
-230
-186
-126
-50
29
105
172
220
247
249
230
186
124
49
-29
-104
-170
-220
-248
-251
-230
-186
-125
-50
28
104
171
219
246
250
230
187
125
49
-31
-106
-171
-221
-249
-251
-230
-186
-125
-50
29
105
172
220
247
249
230
186
125
50
-29
-105
-171
-221
-249
-251
-231
