0
1
2
5
5
7
7
6
6
2
2
-2
-3
-6
-6
-8
-8
-7
-7
-3
-3
1
2
5
5
7
7
6
6
2
2
-2
-3
-6
-6
-8
-8
-7
-7
-3
-3
1
2
5
5
7
7
6
6
2
2
-2
-3
-6
-6
-8
-8
-7
-7
-3
-3
1
2
5
5
7
7
6
6
2
2
-2
-3
-6
-6
-8
-8
-7
-7
-3
-3
1
2
5
5
7
7
6
6
2
2
-2
-3
-6
-6
-8
-8
-7
-7
-3
-3
1
2
5
5
7
7
6
6
2
2
-2
-3
-6
-6
-8
-8
-7
-7
-3
-3
1
2
5
5
7
7
6
6
2
2
-2
-3
-6
-6
-8
-8
-7
-7
-3
-3
1
2
5
5
7
7
6
6
2
2
-2
-3
-6
-6
-8
-8
-7
-7
-3
-3
1
2
5
5
7
7
6
6
2
2
-2
-3
-6
-6
-8
-8
-7
-7
-3
-3
1
2
5
5
7
7
6
6
2
2
-2
-3
-6
-6
-8
-8
-7
-7
-3
-3
