0
-2
-3
4
36
81
145
198
238
246
238
199
147
76
-1
-77
-148
-200
-239
-247
-239
-200
-148
-77
-1
76
147
199
238
246
238
199
147
76
0
-77
-148
-200
-239
-247
-239
-200
-148
-77
-1
76
147
199
238
246
238
199
147
76
-1
-77
-148
-200
-239
-247
-239
-200
-148
-77
0
76
147
199
238
246
238
199
147
76
0
-77
-148
-200
-239
-247
-239
-200
-148
-77
0
76
147
199
238
246
238
199
147
76
-1
-77
-148
-200
-239
-247
-239
-200
-148
-77
-1
76
147
199
238
246
238
199
147
76
0
-77
-148
-200
-239
-247
-239
-200
-148
-77
0
76
147
199
238
246
238
199
147
76
-1
-77
-148
-200
-239
-247
-239
-200
-148
-77
-1
76
147
199
238
246
238
199
147
76
0
-77
-148
-200
-239
-247
-239
-200
-148
-77
0
76
147
199
238
246
238
199
147
76
-1
-77
-148
-200
-239
-247
-239
-200
-148
-77
0
76
147
199
238
246
238
199
147
76
0
-77
-148
-200
-239
-247
-239
