0
0
0
2
8
22
38
53
62
63
57
47
32
13
-5
-24
-42
-55
-62
-63
-57
-47
-31
-13
6
26
43
55
62
64
58
46
32
11
-7
-26
-43
-56
-64
-64
-57
-47
-32
-14
6
26
43
56
63
63
57
46
32
12
-7
-26
-42
-56
-62
-63
-59
-48
-33
-13
7
26
43
56
64
64
58
47
33
13
-6
-25
-42
-54
-61
-63
-59
-47
-32
-13
5
25
42
55
62
64
58
47
33
14
-5
-24
-41
-53
-61
-63
-59
-48
-33
-14
6
25
41
55
63
65
58
47
33
13
-7
-25
-43
-54
-62
-63
-59
-49
-33
-13
6
25
41
54
62
64
59
46
32
12
-7
-25
-42
-56
-63
-63
-57
-47
-32
-14
6
26
43
56
63
63
57
47
33
13
-7
-25
-43
-54
-61
-63
-59
-48
-32
-14
6
25
41
54
62
65
58
48
34
14
-5
-24
-42
-55
-62
-63
-59
-45
-32
-13
6
26
42
55
62
63
57
46
33
12
-7
-26
-42
-55
-62
-63
-59
