0
0
0
66
77
184
205
246
252
212
204
98
77
-56
-81
-189
-210
-251
-257
-218
-209
-103
-82
51
76
184
205
246
252
212
204
98
77
-56
-81
-189
-210
-251
-257
-218
-209
-103
-82
51
76
184
205
246
253
212
204
98
77
-56
-81
-189
-210
-251
-257
-218
-209
-103
-82
51
76
184
205
246
253
212
204
98
77
-56
-81
-189
-210
-251
-257
-218
-209
-103
-82
51
76
184
205
246
252
212
204
98
77
-56
-81
-189
-209
-251
-257
-218
-210
-103
-82
51
76
184
204
246
252
212
204
98
77
-56
-81
-189
-210
-251
-258
-219
-211
-103
-82
51
75
183
205
246
253
212
205
98
77
-56
-81
-189
-209
-251
-257
-218
-210
-103
-82
51
76
184
205
246
252
212
204
98
77
-56
-81
-189
-210
-251
-258
-219
-210
-103
-82
51
75
183
205
246
253
212
205
98
77
-56
-81
-189
-209
-251
-257
-218
-209
-103
-82
51
76
184
204
246
252
212
205
98
77
-56
-81
-189
-209
-251
-258
-219
-210
