In this file is computed:
DUT_result - C_prog_result
-122
95
-57
59
-136
35
-322
-63
-404
-152
-305
-140
-115
-88
68
119
90
345
116
355
188
177
164
11
-29
-87
-242
-123
-393
-90
-383
-40
-210
21
-20
201
41
371
107
358
188
177
164
39
-73
-4
-326
-67
-397
-149
-308
-146
-117
-88
72
89
132
315
114
415
109
281
71
122
-123
22
-336
-66
-400
-150
-308
-144
-116
-88
71
90
133
316
116
417
109
279
70
94
-80
-62
-251
-118
-393
-91
-383
-39
-210
23
-22
198
39
372
107
359
187
176
164
13
-30
-89
-241
-119
-391
-91
-383
-40
-210
21
-22
199
39
371
107
358
187
177
163
13
-31
-88
-242
-120
-392
-92
-386
-39
-210
21
-22
199
39
372
107
358
187
177
164
14
-29
-87
-240
-120
-391
-91
-383
-40
-210
21
-22
198
38
370
107
358
188
178
165
14
-30
-89
-241
-119
-392
-92
-385
-40
-210
21
-22
198
38
370
107
358
187
176
164
13
-30
-89
-241
-120
-391
-92
-384
-40
23
99
178
253
319
370
398
401
377
