0000000000
0010011110
0000000000
0110011110
0000000000
1000000000
0000000000
0110011110
0000000000
0010011110
0000000000
1101100010
0000000000
1001100010
0000000000
1000000000
0000000000
1001100010
0000000000
1101100010
0000000000
0010011110
0000000000
0110011110
0000000000
1000000000
0000000000
0110011110
0000000000
0010011110
0000000000
1101100010
0000000000
1001100010
0000000000
1000000000
0000000000
1001100010
0000000000
1101100010
0000000000
0010011110
0000000000
0110011110
0000000000
1000000000
0000000000
0110011110
0000000000
0010011110
0000000000
1101100010
0000000000
1001100010
0000000000
1000000000
0000000000
1001100010
0000000000
1101100010
0000000000
0010011110
0000000000
0110011110
0000000000
1000000000
0000000000
0110011110
0000000000
0010011110
0000000000
1101100010
0000000000
1001100010
0000000000
1000000000
0000000000
1001100010
0000000000
1101100010
0000000000
0010011110
0000000000
0110011110
0000000000
1000000000
0000000000
0110011110
0000000000
0010011110
0000000000
1101100010
0000000000
1001100010
0000000000
1000000000
0000000000
1001100010
0000000000
1101100010
0000000000
0010011110
0000000000
0110011110
0000000000
1000000000
0000000000
0110011110
0000000000
0010011110
0000000000
1101100010
0000000000
1001100010
0000000000
1000000000
0000000000
1001100010
0000000000
1101100010
0000000000
0010011110
0000000000
0110011110
0000000000
1000000000
0000000000
0110011110
0000000000
0010011110
0000000000
1101100010
0000000000
1001100010
0000000000
1000000000
0000000000
1001100010
0000000000
1101100010
0000000000
0010011110
0000000000
0110011110
0000000000
1000000000
0000000000
0110011110
0000000000
0010011110
0000000000
1101100010
0000000000
1001100010
0000000000
1000000000
0000000000
1001100010
0000000000
1101100010
0000000000
0010011110
0000000000
0110011110
0000000000
1000000000
0000000000
0110011110
0000000000
0010011110
0000000000
1101100010
0000000000
1001100010
0000000000
1000000000
0000000000
1001100010
0000000000
1101100010
0000000000
0010011110
0000000000
0110011110
0000000000
1000000000
0000000000
0110011110
0000000000
0010011110
0000000000
1101100010
0000000000
1001100010
0000000000
1000000000
0000000000
1001100010
0000000000
1101100010
0000000000
