0
158
0
414
0
512
-1
414
-1
158
-1
-159
-1
-415
-1
-512
0
-415
0
-159
0
158
0
414
-1
512
0
414
0
158
0
-159
0
-415
0
-512
-1
-415
-1
-159
-1
158
-1
414
-1
512
0
414
0
158
0
-159
-1
-415
-1
-512
0
-415
0
-159
0
158
0
414
0
512
-1
414
-1
158
-1
-159
-1
-415
-1
-512
0
-415
0
-159
0
158
0
414
0
512
-1
414
-1
158
-1
-159
0
-415
0
-512
-1
-415
-1
-159
-1
158
-1
414
-1
512
0
414
0
158
0
-159
0
-415
0
-512
-1
-415
-1
-159
-1
158
-1
414
-1
512
0
414
0
158
0
-159
0
-415
0
-512
-1
-415
-1
-159
-1
158
-1
414
-1
512
0
414
0
158
0
-159
0
-415
0
-512
-1
-415
-1
-159
-1
158
-1
414
-1
512
0
414
0
158
0
-159
0
-415
0
-512
-1
-415
-1
-159
-1
158
-1
414
-1
512
0
414
0
158
0
-159
0
-415
0
-512
-1
-415
-1
-159
-1
