0
0
2
13
43
94
160
219
255
256
228
180
120
48
-30
-110
-177
-225
-253
-255
-233
-188
-125
-50
30
105
174
223
251
252
229
185
122
48
-35
-110
-177
-224
-253
-255
-233
-187
-125
-49
30
107
173
221
249
253
232
185
122
48
-33
-108
-175
-225
-253
-254
-231
-187
-125
-51
30
107
174
222
251
254
231
184
121
48
-33
-109
-176
-226
-255
-256
-231
-185
-124
-50
31
107
174
221
250
253
230
184
121
47
-34
-107
-175
-225
-253
-256
-232
-186
-125
-50
30
108
173
220
249
252
229
185
122
48
-33
-108
-175
-224
-253
-255
-232
-187
-124
-50
31
107
174
221
250
253
232
184
122
48
-33
-108
-175
-225
-253
-255
-232
-187
-125
-51
29
106
172
221
249
252
229
185
122
48
-33
-107
-174
-223
-253
-255
-233
-188
-126
-51
30
108
173
220
250
253
231
185
122
48
-33
-107
-174
-223
-253
-255
-232
-186
-125
-50
30
108
173
221
249
253
230
185
122
46
-33
-108
-174
-225
-253
-256
-232
