511
-512
260
-75
-281
403
-512
511
-512
511
-512
511
-269
67
270
-412
511
-512
511
-512
511
-512
258
-73
-283
405
-512
511
-512
511
-512
511
-269
67
271
-413
511
-512
511
-512
511
-512
258
-74
-283
403
-512
511
-512
511
-512
511
-269
67
270
-412
511
-512
511
-512
511
-512
259
-76
-283
403
-512
511
-512
511
-512
511
-269
67
270
-412
511
-512
511
-512
511
-512
259
-75
-283
405
-512
511
-512
511
-512
511
-269
67
271
-413
511
-512
511
-512
511
-512
258
-73
-283
405
-512
511
-512
511
-512
511
-269
67
271
-413
511
-512
511
-512
511
-512
258
-73
-283
405
-512
511
-512
511
-512
511
-269
67
271
-413
511
-512
511
-512
511
-512
258
-73
-283
405
-512
511
-512
511
-512
511
-269
67
271
-413
511
-512
511
-512
511
-512
258
-73
-283
405
-512
511
-512
511
-512
511
-269
67
271
-413
511
-512
511
-512
511
-512
258
-73
-283
405
-512
511
-512
511
-512
511
511
511
511
511
511
511
511
511
511
511
511
511
511
511
511
511
511
511
511
511
511
511
511
511
511
511
511
511
511
511
511
511
511
511
511
511
511
511
511
511
511
511
511
511
