0
0
2
12
41
92
158
218
253
257
232
186
127
56
-23
-102
-171
-221
-248
-252
-235
-191
-129
-54
26
103
169
220
248
253
232
189
128
54
-26
-101
-169
-221
-249
-253
-233
-190
-128
-54
26
103
170
220
250
255
233
191
129
55
-24
-101
-169
-220
-249
-254
-233
-190
-129
-55
25
102
169
220
250
254
234
191
129
55
-23
-100
-169
-219
-248
-254
-233
-190
-130
-56
24
102
170
219
249
253
234
191
129
55
-23
-100
-169
-220
-248
-253
-233
-191
-130
-57
24
102
169
219
249
253
234
191
129
55
-23
-100
-169
-220
-248
-252
-233
-190
-131
-57
24
103
169
219
248
254
234
192
129
54
-24
-101
-170
-221
-248
-252
-233
-190
-131
-57
24
103
169
219
248
253
234
191
129
55
-23
-100
-169
-219
-248
-254
-233
-190
-130
-55
24
103
168
219
249
254
234
192
129
55
-23
-100
-169
-220
-248
-252
-233
-190
-131
-57
24
103
169
219
248
253
234
191
130
56
-23
-99
-168
-220
-248
-253
-234
