0
0
0
0
9
35
82
147
209
256
275
272
252
216
163
91
12
-67
-133
-186
-219
-232
-221
-187
-134
-65
9
83
147
199
231
242
230
195
142
74
0
-75
-140
-193
-225
-238
-225
-190
-137
-70
4
79
145
198
231
242
230
195
142
74
-1
-76
-141
-194
-226
-237
-225
-191
-136
-68
6
80
146
198
231
242
230
194
141
73
-1
-76
-142
-195
-227
-237
-224
-189
-135
-68
6
80
146
198
231
242
230
195
142
74
-1
-76
-140
-193
-225
-237
-225
-191
-136
-68
6
80
146
198
231
242
230
194
141
73
-1
-76
-142
-195
-227
-238
-225
-190
-135
-68
6
80
146
198
231
242
230
195
142
74
0
-75
-140
-194
-226
-237
-225
-191
-136
-68
6
80
146
198
230
241
228
193
140
73
-1
-76
-141
-194
-226
-237
-225
-191
-136
-68
6
80
146
198
232
243
231
195
141
72
-1
-75
-141
-195
-227
-237
-224
-189
-136
-69
5
80
145
197
230
242
230
194
141
73
-1
-76
-140
-193
-225
