0
0
0
9
34
85
150
214
255
269
254
222
173
109
31
-52
-127
-190
-230
-252
-247
-219
-168
-102
-26
54
128
192
233
254
250
222
172
104
29
-54
-127
-191
-232
-253
-247
-219
-170
-102
-25
56
128
192
233
255
249
222
171
104
29
-52
-126
-190
-232
-254
-247
-219
-169
-101
-25
56
128
191
233
254
249
222
171
103
28
-52
-125
-189
-230
-253
-248
-220
-169
-102
-25
55
128
192
234
255
249
222
171
105
29
-51
-125
-189
-232
-253
-247
-220
-171
-103
-26
56
129
194
233
256
251
223
173
105
28
-52
-125
-189
-231
-253
-248
-221
-171
-103
-26
56
129
193
233
256
250
222
172
104
27
-52
-125
-189
-231
-253
-248
-220
-170
-102
-25
56
128
192
233
255
249
221
171
104
28
-53
-127
-191
-232
-254
-248
-220
-170
-102
-25
56
128
192
234
255
250
223
172
104
29
-53
-126
-190
-230
-253
-248
-220
-169
-102
-25
55
128
192
234
255
250
223
172
105
29
-53
-126
-190
-230
-253
-248
