0
0
0
3
10
23
39
54
63
64
58
46
31
13
-6
-26
-43
-56
-63
-64
-59
-48
-33
-14
6
25
42
54
62
63
58
47
32
13
-7
-26
-43
-55
-63
-64
-59
-48
-33
-14
6
25
42
54
62
63
58
47
32
13
-7
-26
-43
-55
-63
-64
-59
-48
-33
-14
6
25
42
54
62
63
58
47
32
13
-7
-26
-43
-55
-63
-64
-59
-48
-33
-14
6
25
42
54
62
63
58
47
32
13
-7
-26
-43
-55
-63
-64
-59
-48
-33
-14
6
25
42
54
62
63
58
47
32
13
-7
-26
-43
-55
-63
-64
-59
-48
-33
-14
6
25
42
54
62
63
58
47
32
13
-7
-26
-43
-55
-63
-64
-59
-48
-33
-14
6
25
42
54
62
63
58
47
32
13
-7
-26
-43
-55
-63
-64
-59
-48
-33
-14
6
25
42
54
62
63
58
47
32
13
-7
-26
-43
-55
-63
-64
-59
-48
-33
-14
6
25
42
54
62
63
58
47
32
13
-7
-26
-43
-55
-63
-64
-59
