0
0
2
12
41
92
158
218
255
260
238
197
139
68
-14
-94
-166
-217
-250
-257
-241
-200
-140
-65
13
93
162
218
251
259
240
201
140
67
-15
-94
-166
-218
-251
-259
-243
-201
-142
-68
14
94
163
217
250
259
240
201
140
68
-14
-93
-164
-216
-251
-258
-241
-200
-141
-66
15
95
164
219
251
259
242
200
139
66
-16
-94
-163
-217
-251
-259
-242
-200
-140
-65
15
94
164
219
251
258
241
201
142
67
-15
-93
-164
-217
-250
-259
-241
-200
-141
-66
15
95
164
219
251
259
240
200
140
66
-16
-94
-165
-217
-250
-259
-241
-199
-141
-66
15
95
164
219
251
259
240
201
141
67
-15
-93
-164
-217
-250
-259
-241
-200
-142
-67
14
93
164
219
250
258
240
201
141
66
-16
-94
-165
-219
-251
-259
-242
-200
-140
-67
15
94
164
219
251
258
240
201
140
68
-14
-93
-164
-216
-251
-258
-242
-201
-141
-67
14
94
163
217
250
259
240
201
141
68
-14
-93
-163
-216
-250
-259
-241
