0
0
0
0
0
19
51
115
168
226
252
279
289
293
283
250
214
156
113
58
28
-4
-14
-15
-1
34
70
126
167
222
255
290
301
301
286
252
217
162
121
67
35
1
-10
-9
7
42
77
132
173
228
260
294
305
305
291
257
223
168
127
72
40
7
-3
-2
12
47
82
138
179
234
266
300
311
312
298
264
229
174
133
78
46
12
1
1
16
51
86
142
184
240
272
306
317
317
303
269
235
180
139
84
52
18
7
7
22
57
92
148
190
245
277
311
323
323
308
273
238
183
142
87
55
21
11
11
26
61
97
153
194
249
282
317
328
328
313
279
245
190
149
94
62
29
18
19
34
69
104
159
200
256
289
324
334
334
319
286
252
197
155
100
68
35
24
24
39
74
109
164
205
261
293
327
338
339
325
290
255
200
160
105
73
39
29
29
44
78
113
168
209
265
298
333
344
344
329
294
259
204
164
110
78
