0
0
2
13
43
94
160
220
255
256
229
182
123
52
-27
-105
-172
-221
-248
-251
-231
-187
-125
-51
28
104
170
219
247
251
230
186
124
50
-29
-105
-171
-220
-248
-252
-231
-187
-125
-51
28
104
170
219
247
251
230
186
124
50
-29
-105
-171
-220
-248
-252
-231
-187
-125
-51
28
104
170
219
247
251
230
186
124
50
-29
-105
-171
-220
-248
-252
-231
-187
-125
-51
28
104
170
219
247
251
230
186
124
50
-29
-105
-171
-220
-248
-252
-231
-187
-125
-51
28
104
170
219
247
251
230
186
124
50
-29
-105
-171
-220
-248
-252
-231
-187
-125
-51
28
104
170
219
247
251
230
186
124
50
-29
-105
-171
-220
-248
-252
-231
-187
-125
-51
28
104
170
219
247
251
230
186
124
50
-29
-105
-171
-220
-248
-252
-231
-187
-125
-51
28
104
170
219
247
251
230
186
124
50
-29
-105
-171
-220
-248
-252
-231
-187
-125
-51
28
104
170
219
247
251
230
186
124
50
-29
-105
-171
-220
-248
-252
-231
