0000000000000000000000000
0000001001111000110111011
0000000000000000000000000
0000011001111000110111011
0000000000000000000000000
0000100000000000000000000
0000000000000000000000000
0000011001111000110111011
0000000000000000000000000
0000001001111000110111011
0000000000000000000000000
1111110110000111001000101
0000000000000000000000000
1111100110000111001000101
0000000000000000000000000
1111100000000000000000000
0000000000000000000000000
1111100110000111001000101
0000000000000000000000000
1111110110000111001000101
0000000000000000000000000
0000001001111000110111011
0000000000000000000000000
0000011001111000110111011
0000000000000000000000000
0000100000000000000000000
0000000000000000000000000
0000011001111000110111011
0000000000000000000000000
0000001001111000110111011
0000000000000000000000000
1111110110000111001000101
0000000000000000000000000
1111100110000111001000101
0000000000000000000000000
1111100000000000000000000
0000000000000000000000000
1111100110000111001000101
0000000000000000000000000
1111110110000111001000101
0000000000000000000000000
0000001001111000110111011
0000000000000000000000000
0000011001111000110111011
0000000000000000000000000
0000100000000000000000000
0000000000000000000000000
0000011001111000110111011
0000000000000000000000000
0000001001111000110111011
0000000000000000000000000
1111110110000111001000101
0000000000000000000000000
1111100110000111001000101
0000000000000000000000000
1111100000000000000000000
0000000000000000000000000
1111100110000111001000101
0000000000000000000000000
1111110110000111001000101
0000000000000000000000000
0000001001111000110111011
0000000000000000000000000
0000011001111000110111011
0000000000000000000000000
0000100000000000000000000
0000000000000000000000000
0000011001111000110111011
0000000000000000000000000
0000001001111000110111011
0000000000000000000000000
1111110110000111001000101
0000000000000000000000000
1111100110000111001000101
0000000000000000000000000
1111100000000000000000000
0000000000000000000000000
1111100110000111001000101
0000000000000000000000000
1111110110000111001000101
0000000000000000000000000
0000001001111000110111011
0000000000000000000000000
0000011001111000110111011
0000000000000000000000000
0000100000000000000000000
0000000000000000000000000
0000011001111000110111011
0000000000000000000000000
0000001001111000110111011
0000000000000000000000000
1111110110000111001000101
0000000000000000000000000
1111100110000111001000101
0000000000000000000000000
1111100000000000000000000
0000000000000000000000000
1111100110000111001000101
0000000000000000000000000
1111110110000111001000101
0000000000000000000000000
0000001001111000110111011
0000000000000000000000000
0000011001111000110111011
0000000000000000000000000
0000100000000000000000000
0000000000000000000000000
0000011001111000110111011
0000000000000000000000000
0000001001111000110111011
0000000000000000000000000
1111110110000111001000101
0000000000000000000000000
1111100110000111001000101
0000000000000000000000000
1111100000000000000000000
0000000000000000000000000
1111100110000111001000101
0000000000000000000000000
1111110110000111001000101
0000000000000000000000000
0000001001111000110111011
0000000000000000000000000
0000011001111000110111011
0000000000000000000000000
0000100000000000000000000
0000000000000000000000000
0000011001111000110111011
0000000000000000000000000
0000001001111000110111011
0000000000000000000000000
1111110110000111001000101
0000000000000000000000000
1111100110000111001000101
0000000000000000000000000
1111100000000000000000000
0000000000000000000000000
1111100110000111001000101
0000000000000000000000000
1111110110000111001000101
0000000000000000000000000
0000001001111000110111011
0000000000000000000000000
0000011001111000110111011
0000000000000000000000000
0000100000000000000000000
0000000000000000000000000
0000011001111000110111011
0000000000000000000000000
0000001001111000110111011
0000000000000000000000000
1111110110000111001000101
0000000000000000000000000
1111100110000111001000101
0000000000000000000000000
1111100000000000000000000
0000000000000000000000000
1111100110000111001000101
0000000000000000000000000
1111110110000111001000101
0000000000000000000000000
0000001001111000110111011
0000000000000000000000000
0000011001111000110111011
0000000000000000000000000
0000100000000000000000000
0000000000000000000000000
0000011001111000110111011
0000000000000000000000000
0000001001111000110111011
0000000000000000000000000
1111110110000111001000101
0000000000000000000000000
1111100110000111001000101
0000000000000000000000000
1111100000000000000000000
0000000000000000000000000
1111100110000111001000101
0000000000000000000000000
1111110110000111001000101
0000000000000000000000000
0000001001111000110111011
0000000000000000000000000
0000011001111000110111011
0000000000000000000000000
0000100000000000000000000
0000000000000000000000000
0000011001111000110111011
0000000000000000000000000
0000001001111000110111011
0000000000000000000000000
1111110110000111001000101
0000000000000000000000000
1111100110000111001000101
0000000000000000000000000
1111100000000000000000000
0000000000000000000000000
1111100110000111001000101
0000000000000000000000000
1111110110000111001000101
0000000000000000000000000
