0
0
1
5
19
45
77
107
123
127
112
89
62
27
-14
-53
-87
-111
-123
-125
-115
-93
-62
-26
14
53
87
111
124
126
114
92
63
24
-15
-53
-86
-112
-125
-127
-115
-94
-62
-26
14
52
86
111
124
127
114
93
63
24
-14
-52
-86
-111
-124
-127
-115
-94
-63
-25
14
54
87
110
124
126
115
92
62
25
-14
-54
-85
-109
-122
-125
-115
-93
-62
-25
14
53
86
110
122
124
114
92
62
23
-16
-54
-86
-111
-124
-126
-116
-95
-64
-26
14
53
86
110
123
127
114
93
63
26
-14
-53
-85
-110
-122
-126
-115
-93
-63
-27
13
52
86
110
122
126
115
93
63
25
-15
-53
-86
-111
-122
-126
-115
-93
-63
-27
13
53
87
110
123
125
113
93
63
25
-13
-53
-85
-110
-124
-127
-116
-94
-64
-25
14
51
85
110
123
126
114
93
63
24
-15
-54
-86
-112
-125
-127
-115
-94
-63
-25
14
54
86
110
124
125
113
92
62
24
-15
-54
-85
-111
-124
-126
-115
